16.97,
16.82,
16.88,
16.87,
17.22,
17.17,
17.14,
17.25,
17.21,
17.28,
17.49,
17.46,
17.56,
17.9,
17.97,
17.85,
18.19,
18.26,
18.49,
18.67,
18.73,
19.12,
19.01,
18.85,
17.76,
17.66,
16.83,
17.45,
17.66,
18.19,
18.4,
18.59,
18.64,
18.52,
18.78,
19.27,
19.36,
19.64,
19.93,
19.9,
19.93,
19.64,
19.7,
19.85,
20.09,
19.42,
19.46,
19.59,
19.98,
20.51,
20.94,
21.32,
21.27,
21.47,
22.01,
22.11,
21.91,
21.85,
21.87,
21.46,
21.6,
21.38,
21.55,
21.85,
22.07,
22.18,
22.67,
22.45,
21.67,
21.16,
21.38,
21.53,
21.9,
21.57,
21.15,
21.66,
21.86,
22.12,
22.51,
22.93,
22.78,
22.86,
22.92,
23.34,
23.59,
23.61,
23.35,
23.58,
23.7,
23.66,
22.88,
22.86,
22.66,
22.78,
22.55,
22.95,
23.36,
23.45,
23.54,
23.81,
23.86,
24.15,
24.55,
24.37,
24.15,
23.9,
23.2,
23.34,
23.67,
23.8,
23.87,
24.1,
23.99,
23.85,
23.53,
23.47,
23.57,
23.78,
23.66,
23.89,
23.9,
24.3,
24.39,
24.63,
25.0,
24.92,
25.05,
25.09,
25.34,
25.48,
25.32,
24.95,
24.93,
25.19,
24.69,
24.56,
24.74,
24.5,
24.52,
24.07,
23.98,
24.42,
24.74,
25.06,
25.45,
25.67,
25.93,
26.07,
26.27,
26.57,
26.13,
26.08,
26.07,
26.35,
26.08,
25.6,
25.76,
25.88,
25.97,
26.24,
26.08,
25.47,
24.79,
24.82,
24.45,
24.58,
24.97,
24.81,
24.89,
24.7,
24.13,
23.74,
23.74,
24.11,
24.24,
24.45,
24.19,
24.21,
24.34,
24.78,
24.72,
24.39,
23.88,
23.48,
23.3,
22.96,
23.28,
23.48,
23.56,
24.02,
24.28,
24.52,
24.55,
24.37,
24.5,
24.89,
24.84,
24.86,
24.78,
24.83,
24.97,
25.36,
25.88,
26.0,
26.18,
26.03,
25.86,
26.19,
26.49,
26.63,
26.68,
26.65,
27.15,
27.56,
27.75,
27.86,
28.31,
28.61,
28.81,
29.03,
29.16,
28.48,
28.9,
29.15,
29.34,
30.01,
30.07,
30.16,
30.73,
30.62,
30.69,
31.12,
30.62,
30.26,
30.93,
31.56,
32.36,
32.44,
32.56,
31.92,
32.07,
31.96,
32.98,
33.54,
33.74,
34.3,
34.74,
34.6,
35.47,
35.59,
35.81,
35.55,
34.98,
35.83,
36.67,
36.88,
36.86,
36.72,
37.21,
36.01,
35.99,
36.71,
36.75,
37.32,
37.99,
38.21,
37.9,
37.83,
37.21,
37.49,
37.85,
39.05,
39.49,
40.26,
40.85,
41.93,
42.53,
42.35,
43.46,
42.99,
42.1,
42.0,
42.39,
43.08,
43.82,
44.76,
45.34,
43.64,
42.68,
41.22,
42.05,
42.51,
42.83,
45.03,
45.69,
45.6,
45.54,
45.63,
45.05,
45.4,
45.15,
44.59,
44.23,
43.43,
43.78,
44.4,
43.7,
44.76,
45.48,
46.19,
47.57,
48.65,
48.51,
48.67,
48.03,
47.73,
47.64,
48.28,
47.42,
46.28,
44.72,
45.52,
45.77,
46.3,
46.57,
47.08,
48.26,
49.01,
49.35,
49.31,
49.35,
48.8,
48.25,
47.71,
47.69,
47.18,
46.71,
46.03,
45.63,
46.55,
46.62,
46.07,
46.23,
46.95,
46.05,
44.97,
44.96,
46.58,
46.44,
46.36,
46.48,
46.35,
45.53,
44.69,
44.73,
44.1,
42.86,
43.51,
43.45,
44.16,
43.94,
44.03,
44.03,
44.41,
44.82,
45.19,
45.63,
46.15,
46.45,
47.0,
47.12,
47.18,
47.75,
48.12,
47.25,
47.41,
48.79,
48.91,
48.55,
48.16,
47.29,
46.44,
45.45,
44.56,
45.0,
44.38,
44.62,
42.98,
42.79,
41.98,
41.17,
39.98,
40.76,
40.42,
39.83,
40.22,
41.12,
41.33,
40.49,
39.51,
39.76,
40.77,
40.65,
41.2,
41.63,
42.01,
41.47,
41.14,
40.79,
41.09,
42.24,
42.16,
42.37,
42.0,
41.52,
42.1,
42.88,
43.31,
43.88,
43.58,
43.51,
43.89,
44.49,
44.66,
44.98,
44.72,
45.39,
45.39,
45.6,
46.72,
47.33,
47.84,
47.63,
47.54,
47.84,
48.17,
48.76,
49.38,
49.79,
50.53,
51.28,
51.1,
50.77,
51.45,
52.66,
53.1,
52.17,
52.54,
52.91,
53.65,
54.01,
55.37,
55.46,
55.73,
55.91,
55.26,
54.43,
54.31,
55.21,
55.82,
56.29,
56.45,
56.09,
55.67,
56.38,
56.75,
57.91,
57.86,
57.51,
57.92,
58.17,
58.24,
58.28,
57.01,
57.0,
57.3,
58.61,
59.91,
59.43,
59.45,
60.39,
60.35,
59.14,
58.86,
59.22,
58.84,
57.28,
56.25,
56.32,
57.13,
57.03,
57.02,
56.54,
57.44,
57.43,
56.82,
57.07,
58.14,
58.97,
58.96,
59.06,
59.39,
59.92,
58.41,
57.36,
56.42,
56.27,
55.46,
55.39,
55.98,
55.0,
53.98,
54.96,
55.77,
55.55,
56.19,
56.35,
55.27,
54.59,
54.77,
55.09,
55.66,
55.77,
56.91,
57.89,
57.3,
57.3,
57.04,
56.54,
55.63,
54.43,
55.14,
55.83,
56.73,
57.56,
57.19,
56.23,
55.46,
54.14,
52.92,
53.5,
54.39,
54.16,
53.0,
54.18,
55.67,
55.76,
55.9,
55.4,
56.51,
56.99,
57.54,
58.13,
58.93,
59.65,
60.37,
61.84,
61.97,
61.65,
62.44,
63.59,
63.59,
63.76,
64.65,
64.86,
65.84,
66.85,
65.6,
65.36,
66.24,
66.52,
67.12,
66.39,
66.58,
66.25,
65.15,
64.72,
65.16,
65.47,
64.78,
65.48,
67.01,
67.77,
67.83,
68.15,
67.76,
68.17,
67.69,
66.79,
66.27,
67.08,
68.08,
68.08,
68.24,
68.87,
70.8,
71.66,
71.78,
71.75,
72.15,
71.91,
71.11,
71.19,
69.25,
68.97,
68.52,
68.46,
70.13,
70.51,
70.43,
69.99,
70.02,
70.78,
70.57,
69.84,
68.88,
68.22,
68.18,
66.95,
66.1,
63.75,
63.98,
59.81,
58.39,
57.88,
55.4,
53.16,
54.82,
56.89,
57.33,
56.57,
57.56,
57.74,
57.93,
59.18,
59.26,
58.57,
58.59,
58.9,
56.64,
56.14,
57.13,
56.91,
54.79,
56.09,
58.38,
59.87,
60.8,
62.09,
62.66,
62.46,
62.55,
62.94,
64.26,
64.91,
65.33,
66.0,
66.24,
66.02,
66.26,
65.23,
64.73,
65.6,
65.76,
66.41,
67.09,
68.46,
69.05,
69.6,
69.92,
69.97,
70.33,
70.07,
70.34,
70.43,
70.17,
70.11,
69.35,
69.88,
69.53,
68.32,
68.6,
69.48,
70.37,
71.35,
71.6,
72.4,
72.92,
73.06,
73.13,
72.12,
72.57,
72.43,
73.18,
74.01,
73.43,
73.27,
72.05,
72.23,
73.93,
74.03,
74.37,
74.46,
75.66,
76.35,
76.63,
77.0,
76.87,
77.21,
77.5,
77.69,
78.02,
78.65,
79.26,
78.96,
79.4,
79.81,
80.12,
80.33,
79.72,
80.91,
81.0,
80.67,
80.34,
79.1,
79.58,
80.8,
81.23,
82.53,
83.21,
83.65,
83.28,
82.83,
81.77,
82.34,
81.94,
81.8,
82.71,
83.2,
83.79,
84.18,
84.55,
85.05,
84.86,
84.95,
85.01,
85.11,
85.86,
85.72,
84.06,
83.78,
83.68,
84.22,
84.34,
85.31,
86.2,
86.73,
87.48,
87.34,
85.98,
86.37,
87.31,
86.77,
87.1,
86.9,
86.29,
86.49,
87.76,
88.44,
88.95,
89.5,
89.85,
89.59,
88.32,
87.65,
85.54,
84.96,
84.31,
83.55,
85.29,
85.7,
84.12,
84.65,
85.79,
86.4,
86.81,
87.01,
87.68,
89.02,
89.9,
90.24,
90.12,
90.92,
91.48,
91.91,
92.34,
92.16,
92.46,
91.96,
91.63,
91.22,
91.93,
92.04,
91.9,
92.7,
93.36,
93.65,
93.65,
92.7,
93.77,
92.99,
91.32,
89.19,
88.56,
88.22,
89.41,
89.6,
91.57,
91.71,
92.17,
90.94,
87.71,
85.39,
85.71,
86.74,
85.44,
86.51,
86.6,
85.94,
86.12,
87.01,
86.29,
84.16,
83.06,
83.47,
81.78,
78.62,
76.32,
76.62,
79.09,
78.39,
77.19,
74.39,
75.99,
78.05,
79.47,
80.65,
81.46,
81.44,
80.37,
80.35,
82.33,
81.62,
81.23,
80.65,
83.04,
85.14,
86.13,
86.52,
87.31,
87.9,
87.5,
87.47,
88.39,
89.26,
90.45,
90.36,
89.31,
89.72,
92.17,
93.56,
94.18,
93.38,
92.44,
90.81,
89.55,
91.71,
92.48,
91.82,
91.01,
91.99,
93.01,
93.78,
94.95,
95.71,
94.93,
94.2,
92.88,
94.05,
95.22,
96.37,
96.99,
96.56,
96.75,
95.39,
94.84,
93.62,
91.64,
92.11,
93.29,
94.51,
95.39,
95.12,
95.12,
96.01,
96.19,
96.24,
94.33,
93.05,
92.13,
90.05,
90.73,
89.85,
88.61,
89.56,
88.86,
89.34,
93.14,
96.07,
96.34,
97.24,
98.49,
98.42,
97.19,
97.18,
99.37,
101.25,
100.68,
99.89,
101.44,
101.64,
98.49,
97.15,
97.73,
98.81,
98.93,
100.78,
101.14,
102.23,
103.23,
103.41,
104.45,
103.57,
103.69,
105.63,
106.75,
108.02,
107.41,
106.04,
104.3,
101.94,
101.26,
101.95,
102.45,
103.11,
103.63,
100.58,
98.22,
99.07,
98.6,
99.33,
100.82,
100.5,
101.39,
100.83,
102.3,
104.28,
105.31,
105.05,
104.08,
102.88,
100.21,
97.99,
96.9,
98.33,
96.94,
94.94,
92.34,
91.54,
93.72,
93.45,
95.27,
94.95,
93.78,
94.62,
95.22,
94.19,
93.08,
93.9,
96.4,
97.81,
97.04,
97.99,
97.04,
94.26,
92.92,
91.11,
90.16,
90.8,
91.96,
92.8,
91.57,
89.77,
86.66,
86.2,
86.66,
87.21,
89.09,
89.64,
88.11,
87.26,
89.39,
89.31,
87.96,
85.9,
82.36,
80.55,
79.04,
76.26,
71.49,
75.92,
76.92,
74.91,
76.19,
73.41,
72.37,
74.54,
77.17,
77.86,
77.5,
76.36,
75.69,
80.08,
81.27,
82.61,
82.01,
81.99,
83.84,
86.26,
84.43,
83.62,
83.4,
83.89,
84.57,
83.16,
84.75,
88.3,
89.83,
89.89,
90.36,
91.89,
92.32,
93.11,
94.74,
95.77,
97.03,
98.12,
96.57,
96.93,
99.0,
100.4,
100.54,
100.03,
101.05,
102.97,
103.61,
104.4,
103.61,
102.69,
101.22,
99.92,
100.62,
100.68,
100.11,
98.0,
98.96,
100.33,
99.21,
98.96,
96.48,
94.05,
95.73,
98.87,
100.21,
99.85,
100.39,
99.68,
98.1,
98.7,
99.6,
97.86,
95.33,
93.59,
94.6,
92.43,
91.51,
93.02,
96.64,
97.77,
100.91,
101.53,
102.48,
103.4,
103.78,
102.98,
104.29,
105.06,
105.18,
105.52,
107.07,
108.78,
107.62,
107.28,
107.13,
109.14,
109.84,
109.02,
107.08,
106.22,
105.83,
108.03,
110.31,
109.2,
107.27,
108.37,
108.12,
107.31,
108.01,
106.19,
107.1,
107.95,
110.55,
111.85,
111.9,
110.58,
110.93,
109.19,
108.6,
108.94,
110.0,
109.52,
107.69,
110.42,
111.74,
113.76,
114.79,
116.53,
116.96,
118.43,
118.12,
115.91,
118.61,
119.82,
118.68,
117.68,
115.4,
114.04,
115.47,
113.98,
111.72,
114.09,
113.86,
110.0,
111.52,
109.33,
112.2,
111.24,
107.71,
110.29,
108.12,
104.43,
106.51,
104.16,
107.09,
104.71,
103.22,
103.1,
103.65,
105.68,
108.46,
108.11,
106.19,
103.3,
101.45,
102.99,
104.66,
103.59,
105.55,
108.35,
108.81,
110.42,
110.09,
110.21,
108.71,
105.72,
103.51,
99.03,
96.1,
94.93,
93.61,
94.11,
97.25,
97.26,
93.87,
96.38,
96.52,
94.29,
91.64,
92.7,
95.81,
96.66,
99.04,
97.89,
96.85,
93.85,
92.43,
93.72,
91.05,
91.18,
91.73,
89.95,
87.75,
87.81,
91.61,
91.6,
88.33,
86.98,
82.96,
81.92,
83.9,
82.56,
79.29,
80.66,
75.64,
72.19,
70.42,
69.96,
66.65,
69.05,
64.34,
64.45,
71.09,
72.22,
71.51,
74.14,
74.46,
70.07,
69.06,
67.76,
66.6,
67.33,
66.87,
69.55,
71.43,
71.58,
72.57,
76.86,
78.42,
80.39,
81.45,
81.86,
84.24,
84.65,
82.96,
83.17,
81.31,
85.29,
86.8,
86.37,
89.02,
90.91,
90.3,
89.94,
92.38,
90.95,
90.99,
93.97,
94.68,
94.24,
94.45,
90.69,
88.49,
86.39,
86.32,
84.34,
85.35,
85.84,
83.6,
83.89,
85.51,
84.69,
88.15,
89.31,
90.41,
89.27,
89.18,
90.91,
89.97,
90.58,
87.33,
88.15,
88.85,
89.96,
93.11,
96.12,
98.09,
99.32,
101.04,
100.11,
100.42,
101.03,
99.72,
100.89,
100.52,
102.41,
102.34,
102.14,
100.73,
102.78,
101.74,
101.7,
102.06,
101.03,
99.65,
99.39,
100.53,
103.43,
103.61,
103.87,
105.3,
104.34,
103.72,
103.63,
103.92,
104.45,
102.2,
102.37,
104.52,
104.49,
106.96,
106.12,
103.59,
101.6,
101.26,
100.89,
102.23,
99.32,
100.87,
102.51,
102.61,
104.28,
104.58,
105.32,
106.68,
104.82,
103.73,
103.3,
102.13,
101.92,
100.71,
100.72,
99.99,
100.86,
101.38,
101.29,
99.2,
98.36,
99.71,
100.36,
97.77,
99.37,
99.13,
99.69,
97.81,
96.75,
97.95,
99.61,
100.69,
100.36,
99.79,
100.39,
101.22,
98.78,
98.38,
98.17,
97.67,
96.55,
97.35,
96.46,
96.02,
95.21,
96.17,
95.35,
93.27,
91.94,
91.87,
92.01,
95.48,
95.66,
95.36,
93.5,
93.68,
93.09,
94.83,
92.47,
89.77,
89.93,
89.03,
89.69,
90.28,
88.3,
87.69,
87.24,
88.58,
89.89,
89.37,
89.12,
90.16,
93.13,
95.62,
96.77,
96.09,
98.6,
98.19,
96.97,
99.75,
99.37,
96.73,
95.28,
94.82,
96.25,
97.71,
98.96,
102.34,
103.94,
104.46,
104.62,
103.56,
105.81,
105.15,
101.97,
102.35,
103.41,
104.4,
99.44,
96.1,
95.4,
94.12,
93.72,
95.48,
95.66,
96.98,
95.02,
95.98,
97.1,
99.03,
99.86,
100.32,
100.87,
98.09,
98.52,
98.65,
96.79,
98.7,
99.95,
101.22,
101.85,
102.48,
102.33,
101.4,
102.05,
100.98,
98.75,
99.31,
100.12,
99.46,
101.87,
101.95,
102.02,
102.41,
103.67,
102.25,
102.01,
103.47,
104.81,
107.02,
108.62,
108.88,
107.81,
107.8,
108.88,
109.99,
109.45,
107.63,
103.61,
100.61,
101.67,
101.14,
103.1,
104.05,
106.58,
107.08,
107.85,
108.34,
107.84,
106.65,
110.08,
111.29,
113.93,
114.7,
116.99,
116.33,
114.0,
112.48,
107.34,
104.34,
100.52,
101.17,
102.15,
102.37,
102.38,
105.68,
106.3,
105.93,
107.87,
111.12,
111.97,
115.14,
115.42,
115.71,
116.12,
118.12,
120.98,
121.62,
121.7,
122.8,
124.29,
124.6,
123.31,
124.76,
125.68,
129.27,
126.89,
129.46,
131.41,
132.38,
129.45,
128.41,
130.68,
138.03,
139.46,
137.58,
130.15,
131.03,
135.45,
136.09,
134.65,
134.02,
130.67,
129.63,
129.31,
127.95,
127.28,
130.49,
130.44,
132.97,
134.42,
135.66,
135.24,
133.86,
134.54,
134.39,
131.46,
130.86,
132.02,
132.61,
131.46,
132.5,
132.84,
132.61,
130.81,
128.52,
130.12,
128.01,
129.83,
131.74,
133.16,
130.35,
124.64,
122.12,
119.76,
117.86,
115.13,
117.61,
121.13,
119.49,
119.36,
120.78,
123.81,
122.14,
121.09,
125.02,
125.22,
124.38,
123.15,
122.22,
120.69,
116.61,
116.11,
116.13,
117.82,
114.93,
113.83,
112.58,
111.23,
108.71,
109.74,
112.89,
113.09,
115.55,
116.34,
117.25,
116.93,
118.33,
118.31,
115.0,
112.75,
110.75,
109.9,
107.85,
109.92,
108.1,
109.16,
111.05,
110.04,
107.55,
103.48,
105.59,
114.24,
118.22,
121.7,
122.87,
123.55,
122.45,
124.05,
134.25,
137.03,
135.1,
138.28,
141.71,
137.65,
134.59,
137.79,
141.18,
137.08,
139.12,
140.26,
144.11,
146.31,
144.36,
143.47,
144.7,
146.96,
147.33,
149.01,
152.88,
151.62,
150.23,
152.46,
152.46,
154.47,
159.21,
160.51,
163.03,
165.42,
163.91,
163.86,
163.77,
163.04,
165.86,
170.05,
167.77,
167.67,
165.88,
167.2,
167.05,
162.11,
160.91,
163.99,
162.27,
163.69,
167.2,
165.68,
169.4,
167.11,
169.55,
170.02,
166.69,
164.72,
163.26,
164.6,
165.74,
167.09,
165.91,
165.35,
162.34,
164.08,
165.88,
168.34,
167.32,
165.22,
163.26,
157.8,
156.05,
155.3,
158.12,
155.65,
157.31,
157.77,
158.51,
156.74,
156.27,
158.0,
159.39,
160.67,
159.32,
156.61,
152.03,
152.43,
154.07,
151.18,
154.1,
152.91,
152.36,
151.26,
149.1,
151.24,
161.48,
164.72,
165.55,
167.11,
165.62,
165.14,
167.94,
165.96,
163.93,
162.27,
165.39,
167.18,
166.1,
168.85,
166.56,
164.56,
164.87,
162.66,
162.61,
166.15,
166.5,
164.37,
168.54,
172.79,
177.59,
179.72,
181.1,
181.97,
180.13,
181.87,
179.05,
177.97,
178.87,
180.22,
178.98,
181.04,
181.88,
180.0,
180.67,
184.59,
188.59,
188.23,
190.05,
187.72,
187.37,
190.41,
192.07,
192.47,
194.85,
191.64,
191.01,
188.1,
186.89,
187.82,
188.48,
187.61,
183.17,
182.81,
182.63,
182.77,
185.5,
187.76,
188.62,
191.55,
195.76,
198.71,
201.3,
202.32,
204.93,
210.49,
208.78,
210.62,
208.11,
208.01,
205.47,
211.03,
214.0,
218.3,
222.95,
225.51,
226.66,
234.55,
235.11,
237.2,
231.41,
237.93,
242.86,
240.68,
236.2,
237.3,
234.39,
244.17,
245.5,
241.57,
245.05,
247.51,
251.39,
242.74,
235.84,
238.25,
235.64,
236.76,
244.62,
248.7,
251.94,
250.21,
238.5,
232.57,
233.18,
233.47,
235.67,
237.7,
237.69,
242.74,
246.11,
244.89,
241.96,
249.84,
251.7,
248.95,
247.83,
244.78,
252.81,
261.42,
269.28,
272.62,
277.46,
277.29,
284.33,
283.28,
287.38,
290.12,
293.15,
300.05,
293.46,
296.25,
284.44,
286.09,
286.57,
294.09,
291.12,
281.85,
289.58,
295.2,
301.14,
307.11,
306.98,
305.84,
308.92,
311.14,
311.14,
317.79,
327.76,
332.37,
335.08,
326.66,
316.3,
318.52,
317.16,
322.84,
321.61,
307.66,
250.2,
237.43,
252.36,
244.6,
244.21,
243.16,
228.98,
234.29,
245.04,
250.05,
250.82,
251.25,
248.99,
246.8,
254.07,
251.24,
257.86,
262.92,
265.41,
268.21,
265.99,
269.77,
259.61,
261.03,
268.46,
257.89,
262.6,
261.0,
255.76,
254.96,
253.15,
262.81,
269.04,
272.13,
272.97,
271.53,
272.04,
270.0,
266.66,
267.59,
271.62,
262.48,
259.92,
259.88,
262.49,
266.5,
269.33,
269.25,
271.12,
275.7,
276.1,
281.63,
279.04,
276.73,
270.2,
265.66,
269.9,
274.99,
276.35,
276.87,
277.61,
278.63,
282.08,
285.55,
289.53,
296.67,
296.48,
294.03,
290.78,
290.38,
294.02,
294.77,
290.59,
294.29,
296.86,
300.9,
307.68,
308.68,
306.95,
311.61,
319.4,
319.89,
324.14,
325.48,
321.01,
326.23,
319.82,
328.1,
332.97,
336.7,
344.21,
347.57,
344.52,
344.82,
350.91,
350.53,
346.01,
346.5,
346.28,
355.65,
352.99,
344.01,
340.8,
338.55,
336.25,
340.05,
342.09,
347.48,
348.59,
349.85,
344.86,
354.27,
351.72,
340.72,
333.92,
325.83,
330.99,
331.94,
329.79,
329.54,
336.89,
337.51,
340.49,
339.83,
340.82,
341.96,
340.67,
331.09,
334.3,
344.24,
354.43,
357.74,
362.66,
363.02,
362.77,
357.16,
356.48,
358.05,
366.09,
360.45,
355.63,
344.22,
338.41,
330.13,
315.58,
322.59,
321.81,
317.69,
308.14,
309.71,
308.63,
299.28,
311.59,
304.96,
310.22,
315.78,
316.96,
316.82,
326.33,
328.52,
328.64,
329.9,
323.0,
313.73,
324.23,
333.08,
342.41,
358.76,
367.44,
365.17,
370.27,
374.0,
372.07,
369.62,
376.06,
376.1,
383.46,
383.63,
377.51,
379.45,
375.19,
373.68,
380.83,
386.87,
378.67,
378.3,
373.07,
374.79,
377.4,
382.94,
380.57,
386.39,
388.54,
388.49,
386.4,
395.09,
389.79,
385.27,
386.77,
386.97,
384.54,
381.19,
391.65,
386.91,
391.7,
391.68,
391.83,
377.9,
378.42,
378.54,
382.18,
389.84,
412.16,
418.08,
417.77,
416.19,
413.48,
411.96,
413.89,
410.69,
412.93,
409.12,
405.17,
409.24,
407.53,
402.59,
400.62,
412.19,
409.83,
413.1,
416.8,
413.76,
413.96,
415.01,
412.95,
408.93,
402.87,
405.5,
411.59,
415.7,
414.32,
414.99,
423.95,
419.11,
419.58,
413.79,
415.29,
417.16,
420.89,
419.62,
416.37,
407.44,
407.67,
414.55,
418.35,
419.36,
419.97,
421.77,
427.74,
430.8,
435.26,
434.73,
439.79,
436.45,
431.26,
435.62,
436.99,
440.12,
447.77,
441.14,
435.41,
444.98,
451.78,
450.93,
449.56,
450.61,
443.57,
447.3,
444.92,
437.1,
442.9,
442.7,
443.68,
449.71,
452.08,
446.16,
446.73,
445.91,
449.59,
446.0,
447.83,
447.04,
448.79,
449.07,
450.28,
455.4,
460.68,
461.57,
459.57,
457.57,
458.98,
460.57,
460.45,
466.5,
464.64,
467.54,
460.12,
464.45,
462.24,
462.2,
465.5,
463.74,
465.64,
469.62,
466.69,
473.19,
474.35,
473.57,
480.53,
470.86,
471.21,
468.03,
464.83,
466.04,
469.16,
466.16,
448.54,
448.84,
445.77,
446.71,
451.59,
447.85,
444.65,
454.62,
456.97,
458.39,
459.72,
456.06,
446.69,
446.27,
449.54,
453.49,
453.51,
459.94,
458.42,
463.3,
465.52,
474.62,
471.03,
469.7,
463.32,
462.53,
455.46,
465.44,
467.73,
464.92,
467.49,
464.17,
464.35,
452.95,
452.88,
449.24,
455.43,
459.74,
460.22,
461.04,
467.35,
466.17,
469.61,
478.92,
482.08,
484.38,
486.02,
483.89,
491.96,
495.67,
502.68,
503.89,
507.07,
506.04,
513.18,
518.05,
524.36,
524.35,
526.62,
531.72,
531.97,
538.94,
546.77,
544.57,
553.92,
560.59,
555.17,
562.29,
559.38,
558.12,
559.17,
558.75,
565.2,
574.43,
584.14,
581.8,
583.16,
580.09,
584.97,
586.44,
581.08,
589.36,
592.31,
598.58,
604.15,
614.94,
618.88,
610.3,
614.17,
618.98,
602.45,
609.66,
619.12,
636.38,
654.03,
651.21,
652.75,
647.23,
643.25,
645.04,
650.56,
650.47,
646.33,
639.4,
647.66,
653.85,
641.77,
658.01,
671.62,
673.27,
672.17,
670.68,
663.43,
667.42,
669.99,
651.04,
634.91,
630.87,
643.73,
662.29,
663.1,
667.01,
660.9,
655.84,
673.35,
684.18,
686.16,
696.13,
699.24,
706.93,
702.86,
703.63,
725.81,
734.24,
746.92,
754.56,
745.28,
729.14,
744.82,
748.84,
750.43,
764.96,
779.88,
771.45,
784.12,
795.83,
808.37,
802.78,
798.36,
802.4,
787.58,
780.29,
756.02,
753.29,
761.35,
771.55,
807.44,
825.22,
834.81,
842.68,
846.28,
853.95,
886.92,
892.14,
887.23,
911.89,
922.24,
926.08,
942.02,
952.89,
934.06,
920.69,
919.09,
917.89,
925.1,
935.92,
948.05,
952.34,
973.06,
965.27,
958.25,
912.66,
935.03,
919.01,
943.27,
953.52,
976.02,
967.25,
959.81,
943.07,
971.99,
947.81,
963.92,
964.81,
995.99,
1013.15,
1025.47,
1038.9,
1046.29,
1062.13,
1080.72,
1100.62,
1103.79,
1113.19,
1115.13,
1121.67,
1099.8,
1109.15,
1113.48,
1111.9,
1093.13,
1100.07,
1100.22,
1100.99,
1130.67,
1148.16,
1166.41,
1178.94,
1144.43,
1114.68,
1082.53,
1081.35,
1090.38,
1021.09,
995.26,
1020.43,
1031.71,
1040.44,
986.56,
988.37,
1060.03,
1070.98,
1105.14,
1130.86,
1132.62,
1174.85,
1170.53,
1178.87,
1162.48,
1209.85,
1231.31,
1265.16,
1236.27,
1240.65,
1264.63,
1243.97,
1234.72,
1254.65,
1234.54,
1274.3,
1300.75,
1288.72,
1294.02,
1320.72,
1341.62,
1321.92,
1354.69,
1340.23,
1354.49,
1338.73,
1301.5,
1303.64,
1313.39,
1321.66,
1329.81,
1365.54,
1396.16,
1405.56,
1364.41,
1345.21,
1307.86,
1307.99,
1339.48,
1355.92,
1335.66,
1344.78,
1323.0,
1286.76,
1287.97,
1325.46,
1266.37,
1290.05,
1340.79,
1366.02,
1393.09,
1416.65,
1405.63,
1415.74,
1411.37,
1425.49,
1460.21,
1425.89,
1443.91,
1452.62,
1394.87,
1412.44,
1416.32,
1382.8,
1349.54,
1385.56,
1380.54,
1426.17,
1514.64,
1501.74,
1500.85,
1433.25,
1442.18,
1458.58,
1418.72,
1426.04,
1413.31,
1400.33,
1464.58,
1460.92,
1476.85,
1450.87,
1453.89,
1484.83,
1498.35,
1464.2,
1436.02,
1471.63,
1484.75,
1500.72,
1510.13,
1503.42,
1480.57,
1450.7,
1437.52,
1428.46,
1371.52,
1370.48,
1380.57,
1420.86,
1407.89,
1372.81,
1340.61,
1326.63,
1364.33,
1341.4,
1293.27,
1322.85,
1308.32,
1329.89,
1353.53,
1366.47,
1345.89,
1321.28,
1266.88,
1248.19,
1251.05,
1173.72,
1138.6,
1159.29,
1127.09,
1167.01,
1230.2,
1235.05,
1262.51,
1253.3,
1285.54,
1287.48,
1263.05,
1264.44,
1219.37,
1224.18,
1226.56,
1194.06,
1209.68,
1195.81,
1208.09,
1204.7,
1185.93,
1167.52,
1167.26,
1126.74,
1053.19,
994.62,
1044.34,
1068.24,
1090.74,
1080.39,
1080.51,
1101.76,
1127.5,
1142.33,
1145.2,
1150.32,
1138.29,
1137.97,
1151.41,
1161.08,
1151.28,
1131.91,
1125.46,
1110.09,
1095.87,
1104.1,
1099.9,
1140.25,
1161.96,
1161.38,
1143.45,
1136.49,
1120.0,
1118.49,
1103.72,
1077.94,
1067.49,
1083.23,
1092.29,
1071.57,
1037.59,
1016.29,
1017.75,
984.57,
967.35,
928.0,
871.23,
846.32,
879.58,
890.85,
922.71,
947.66,
912.92,
895.8,
890.16,
842.23,
837.03,
806.25,
827.74,
882.7,
889.73,
900.23,
896.06,
898.75,
924.93,
929.61,
904.04,
899.11,
891.9,
890.45,
923.4,
918.5,
872.44,
856.71,
839.12,
830.26,
840.31,
832.56,
817.81,
839.72,
876.89,
861.73,
878.88,
876.38,
899.18,
911.97,
927.39,
936.07,
930.98,
943.89,
975.71,
988.9,
1003.16,
984.38,
982.5,
1000.26,
994.68,
987.16,
988.75,
973.41,
987.23,
999.74,
999.62,
1025.85,
1016.79,
1030.8,
1009.02,
1019.73,
1039.03,
1046.06,
1034.04,
1050.31,
1052.69,
1051.5,
1039.52,
1061.46,
1065.09,
1069.51,
1088.66,
1104.19,
1122.52,
1126.58,
1142.34,
1138.63,
1133.83,
1148.21,
1148.19,
1145.72,
1151.81,
1119.26,
1112.39,
1105.0,
1135.55,
1140.53,
1129.12,
1135.65,
1116.13,
1103.36,
1093.0,
1095.98,
1120.62,
1130.61,
1131.88,
1136.89,
1134.75,
1116.37,
1109.81,
1097.3,
1095.29,
1089.92,
1069.62,
1089.16,
1101.94,
1108.25,
1121.14,
1124.59,
1112.97,
1121.22,
1130.74,
1112.2,
1100.78,
1124.93,
1153.3,
1173.69,
1177.7,
1178.75,
1188.04,
1192.42,
1200.65,
1210.32,
1199.87,
1187.0,
1183.6,
1169.73,
1185.02,
1199.21,
1206.53,
1197.62,
1211.34,
1212.22,
1194.5,
1174.74,
1175.28,
1183.8,
1162.44,
1152.89,
1154.09,
1171.93,
1163.29,
1186.72,
1194.4,
1199.46,
1199.69,
1212.84,
1199.69,
1197.11,
1214.93,
1228.02,
1231.54,
1240.48,
1229.18,
1228.33,
1217.53,
1211.7,
1228.21,
1233.63,
1223.02,
1218.23,
1211.57,
1184.52,
1185.67,
1189.16,
1208.58,
1222.63,
1234.3,
1259.64,
1258.83,
1259.67,
1267.77,
1263.82,
1257.24,
1282.45,
1285.76,
1268.38,
1281.06,
1264.06,
1269.83,
1288.02,
1288.92,
1278.41,
1294.28,
1303.25,
1300.19,
1303.84,
1291.19,
1305.06,
1307.12,
1312.91,
1313.96,
1277.15,
1266.05,
1273.84,
1253.53,
1240.31,
1246.6,
1261.69,
1270.05,
1241.69,
1255.8,
1271.55,
1276.86,
1271.66,
1298.31,
1298.04,
1306.74,
1304.71,
1319.99,
1326.42,
1338.07,
1351.37,
1365.47,
1374.44,
1378.02,
1376.0,
1386.69,
1402.07,
1393.95,
1408.16,
1414.63,
1423.39,
1419.51,
1413.92,
1426.38,
1429.59,
1426.75,
1447.87,
1443.86,
1457.21,
1421.92,
1390.11,
1393.37,
1413.91,
1428.4,
1433.26,
1446.5,
1473.48,
1489.02,
1494.52,
1505.42,
1510.8,
1518.95,
1530.9,
1511.17,
1519.12,
1513.81,
1505.54,
1524.54,
1543.57,
1537.19,
1477.78,
1463.09,
1456.74,
1431.32,
1461.02,
1471.42,
1465.37,
1498.73,
1520.97,
1538.28,
1556.13,
1548.94,
1516.5,
1534.21,
1503.23,
1463.86,
1439.93,
1442.98,
1481.74,
1494.65,
1456.39,
1486.67,
1438.1,
1407.38,
1344.62,
1347.51,
1369.45,
1336.53,
1354.97,
1365.75,
1338.02,
1300.1,
1301.88,
1339.85,
1348.99,
1364.7,
1345.17,
1384.64,
1396.02,
1405.98,
1405.43,
1410.09,
1390.15,
1381.05,
1351.12,
1341.93,
1303.16,
1268.33,
1247.91,
1248.25,
1260.77,
1264.83,
1288.36,
1289.03,
1275.6,
1282.85,
1249.28,
1227.82,
1202.66,
1176.22,
1085.54,
959.09,
947.05,
894.22,
965.0,
921.36,
869.35,
813.65,
863.94,
883.78,
887.9,
875.22,
893.58,
913.78,
855.71,
828.3,
843.25,
851.02,
822.42,
770.78,
729.99,
694.99,
752.13,
795.19,
809.62,
827.8,
846.8,
852.18,
860.89,
896.18,
907.63,
899.45,
897.11,
936.19,
941.14,
922.2,
906.11,
917.04,
884.22,
924.14,
963.07,
982.24,
1003.71,
1004.82,
999.87,
1028.32,
1006.61,
1038.99,
1063.97,
1058.13,
1042.64,
1065.09,
1089.47,
1082.38,
1050.24,
1064.18,
1096.31,
1102.53,
1101.61,
1102.07,
1105.35,
1107.96,
1125.49,
1132.69,
1144.46,
1126.51,
1088.97,
1083.82,
1069.87,
1103.66,
1104.6,
1127.45,
1147.36,
1163.44,
1169.49,
1179.54,
1191.41,
1203.83,
1205.53,
1192.14,
1144.09,
1144.51,
1084.4,
1085.9,
1067.17,
1099.58,
1106.82,
1059.39,
1041.71,
1088.74,
1076.57,
1107.83,
1120.19,
1108.71,
1084.19,
1058.69,
1066.65,
1101.79,
1123.66,
1138.05,
1144.41,
1156.19,
1172.64,
1178.42,
1184.15,
1204.56,
1213.62,
1190.22,
1190.82,
1211.2,
1233.18,
1242.14,
1257.25,
1263.48,
1273.23,
1287.98,
1288.45,
1294.72,
1316.49,
1329.53,
1322.48,
1318.57,
1313.65,
1282.63,
1295.71,
1319.5,
1333.39,
1319.14,
1321.04,
1352.45,
1348.09,
1346.39,
1335.2,
1322.18,
1311.8,
1279.26,
1274.16,
1282.94,
1320.45,
1333.87,
1314.98,
1336.81,
1287.77,
1190.36,
1173.89,
1148.85,
1187.33,
1192.23,
1172.79,
1199.61,
1151.08,
1131.81,
1183.62,
1212.87,
1235.78,
1255.83,
1256.1,
1250.01,
1194.92,
1207.59,
1251.04,
1228.99,
1232.81,
1260.2,
1278.79,
1292.56,
1313.71,
1317.25,
1337.18,
1349.36,
1356.47,
1366.93,
1360.81,
1379.62,
1404.99,
1404.89,
1408.63,
1379.03,
1378.53,
1381.62,
1400.19,
1362.99,
1330.41,
1313.48,
1310.39,
1303.89,
1323.99,
1343.8,
1331.35,
1362.85,
1345.62,
1365.23,
1361.5,
1380.97,
1403.27,
1412.25,
1410.06,
1406.16,
1427.22,
1456.57,
1455.99,
1442.28,
1454.14,
1437.81,
1439.67,
1414.68,
1406.38,
1368.65,
1386.95,
1409.46,
1411.56,
1421.58,
1437.36,
1418.64,
1461.46,
1469.64,
1485.38,
1501.55,
1506.08,
1516.82,
1517.3,
1506.21,
1533.78,
1555.53,
1553.13,
1560.88,
1559.87,
1580.33,
1555.16,
1577.49,
1597.18,
1627.3,
1652.17,
1658.18,
1646.8,
1629.81,
1628.16,
1606.89,
1605.15,
1630.83,
1673.32,
1690.06,
1687.83,
1701.36,
1692.69,
1660.19,
1650.1,
1639.79,
1671.02,
1699.86,
1704.86,
1692.17,
1671.43,
1705.1,
1744.67,
1761.84,
1763.91,
1767.87,
1789.91,
1802.61,
1795.94,
1794.76,
1792.62,
1832.61,
1835.91,
1835.01,
1843.13,
1807.53,
1769.61,
1788.34,
1831.45,
1842.78,
1861.44,
1873.61,
1855.86,
1862.83,
1871.08,
1864.61,
1836.93,
1874.06,
1875.76,
1877.47,
1886.39,
1883.26,
1913.16,
1933.4,
1942.44,
1951.82,
1958.06,
1974.25,
1969.18,
1972.96,
1983.15,
1946.97,
1923.71,
1952.49,
1989.36,
2000.51,
1999.21,
1992.36,
2000.08,
1979.45,
1952.03,
1911.13,
1891.46,
1957.84,
2004.98,
2032.93,
2042.1,
2060.28,
2066.94,
2058.71,
2002.58,
2074.89,
1663.72
